fare_id,price,currency_type,payment_method,transfers,agency_id
1,1.30,EUR,0,0,71
2,0.80,EUR,0,0,71
3,1.80,EUR,0,0,71
4,1.90,EUR,0,0,71
5,0.70,EUR,0,0,71
6,2.30,EUR,0,0,71
7,1.60,EUR,0,0,71
8,2.10,EUR,0,0,71
9,2.00,EUR,0,0,71
10,1.10,EUR,0,0,71
11,1.20,EUR,0,0,71
12,1.00,EUR,0,0,71
13,1.40,EUR,0,0,71
14,0.90,EUR,0,0,71
15,2.40,EUR,0,0,71
16,0.50,EUR,0,0,71
17,1.70,EUR,0,0,71
18,0.60,EUR,0,0,71
19,1.50,EUR,0,0,71
20,2.20,EUR,0,0,71
21,1.35,EUR,0,0,60
22,0.60,EUR,0,0,60
23,0.65,EUR,0,0,60
24,1.00,EUR,0,0,60
25,1.05,EUR,0,0,60
26,0.90,EUR,0,0,60
27,2.00,EUR,0,0,60
28,1.25,EUR,0,0,60
29,1.15,EUR,0,0,60
30,1.65,EUR,0,0,60
31,1.20,EUR,0,0,60
32,1.40,EUR,0,0,60
33,1.10,EUR,0,0,60
34,1.80,EUR,0,0,60
35,1.45,EUR,0,0,60
36,2.05,EUR,0,0,60
37,1.30,EUR,0,0,60
38,0.80,EUR,0,0,60
39,1.90,EUR,0,0,60
40,2.25,EUR,0,0,60
41,0.95,EUR,0,0,60
42,0.75,EUR,0,0,60
43,2.30,EUR,0,0,60
44,1.60,EUR,0,0,60
45,0.85,EUR,0,0,60
46,0.70,EUR,0,0,60
47,2.40,EUR,0,0,60
48,1.55,EUR,0,0,60
49,1.75,EUR,0,0,60
50,1.50,EUR,0,0,60
51,2.15,EUR,0,0,60
52,2.35,EUR,0,0,60
53,1.95,EUR,0,0,60
54,1.70,EUR,0,0,60
55,1.85,EUR,0,0,60
56,2.10,EUR,0,0,60
57,2.45,EUR,0,0,60
58,2.55,EUR,0,0,60
59,2.20,EUR,0,0,60
60,0.80,EUR,0,0,100046
61,1.05,EUR,0,0,100046
62,1.30,EUR,0,0,100046
63,0.90,EUR,0,0,100046
64,1.55,EUR,0,0,100046
65,1.00,EUR,0,0,100046
66,1.15,EUR,0,0,100046
67,1.35,EUR,0,0,100046
68,1.25,EUR,0,0,100046
69,1.40,EUR,0,0,100046
70,1.20,EUR,0,0,100046
71,0.85,EUR,0,0,100046
72,1.45,EUR,0,0,100046
73,1.05,EUR,0,0,71
74,1.35,EUR,0,0,71
75,0.75,EUR,0,0,71
76,0.85,EUR,0,0,71
77,0.95,EUR,0,0,71
78,1.15,EUR,0,0,71
79,1.25,EUR,0,0,71
80,1.45,EUR,0,0,71
81,0.70,EUR,0,0,100047
82,0.65,EUR,0,0,100047
83,0.80,EUR,0,0,100047
84,1.15,EUR,0,0,100047
85,1.65,EUR,0,0,100047
86,1.90,EUR,0,0,100047
87,1.40,EUR,0,0,100047
88,0.90,EUR,0,0,100047
89,2.00,EUR,0,0,100047
90,0.75,EUR,0,0,100047
91,1.50,EUR,0,0,100047
92,1.75,EUR,0,0,100047
93,1.60,EUR,0,0,100047
94,0.95,EUR,0,0,100047
95,1.05,EUR,0,0,100047
96,1.00,EUR,0,0,100047
97,1.20,EUR,0,0,100047
98,1.70,EUR,0,0,100047
99,2.20,EUR,0,0,100047
100,1.95,EUR,0,0,100047
101,1.30,EUR,0,0,100047
102,0.85,EUR,0,0,100047
103,1.25,EUR,0,0,100047
104,1.10,EUR,0,0,100047
105,1.35,EUR,0,0,100047
106,0.90,EUR,0,0,99
107,0.50,EUR,0,0,317
108,1.30,EUR,0,0,317
109,0.70,EUR,0,0,317
110,1.50,EUR,0,0,317
111,0.90,EUR,0,0,317
112,0.80,EUR,0,0,317
113,1.00,EUR,0,0,317
114,2.30,EUR,0,0,317
115,1.10,EUR,0,0,317
116,1.20,EUR,0,0,317
117,1.70,EUR,0,0,317
118,1.40,EUR,0,0,317
119,1.90,EUR,0,0,317
120,0.60,EUR,0,0,317
121,1.80,EUR,0,0,317
122,2.10,EUR,0,0,317
123,2.20,EUR,0,0,317
124,1.60,EUR,0,0,317
125,2.00,EUR,0,0,317
126,0.60,EUR,0,0,219
127,0.95,EUR,0,0,219
128,1.10,EUR,0,0,219
129,1.05,EUR,0,0,219
130,0.85,EUR,0,0,219
131,1.60,EUR,0,0,219
132,2.10,EUR,0,0,219
133,2.70,EUR,0,0,219
134,1.65,EUR,0,0,219
135,1.20,EUR,0,0,219
136,1.75,EUR,0,0,219
137,2.80,EUR,0,0,219
138,1.00,EUR,0,0,219
139,0.70,EUR,0,0,219
140,1.40,EUR,0,0,219
141,0.90,EUR,0,0,219
142,0.75,EUR,0,0,219
143,1.30,EUR,0,0,219
144,1.45,EUR,0,0,219
145,1.25,EUR,0,0,219
146,2.25,EUR,0,0,219
147,2.30,EUR,0,0,219
148,0.65,EUR,0,0,219
149,2.05,EUR,0,0,219
150,1.55,EUR,0,0,219
151,0.80,EUR,0,0,219
152,1.50,EUR,0,0,219
153,2.40,EUR,0,0,219
154,1.35,EUR,0,0,219
155,2.50,EUR,0,0,219
156,1.15,EUR,0,0,219
157,2.60,EUR,0,0,219
158,1.95,EUR,0,0,219
159,2.55,EUR,0,0,219
160,1.80,EUR,0,0,219
161,2.85,EUR,0,0,219
162,1.60,EUR,0,0,100046
163,2.30,EUR,0,0,100046
164,3.00,EUR,0,0,100046
165,2.65,EUR,0,0,60
166,1.50,EUR,0,0,273
167,2.50,EUR,0,0,60
168,0.65,EUR,0,0,71
169,0.40,EUR,0,0,25
170,0.85,EUR,0,0,25
171,0.35,EUR,0,0,25
172,2.05,EUR,0,0,25
173,1.00,EUR,0,0,25
174,0.75,EUR,0,0,25
175,0.80,EUR,0,0,25
176,0.55,EUR,0,0,25
177,0.45,EUR,0,0,25
178,1.05,EUR,0,0,25
179,1.45,EUR,0,0,25
180,1.20,EUR,0,0,25
181,0.50,EUR,0,0,25
182,1.40,EUR,0,0,25
183,0.60,EUR,0,0,25
184,1.50,EUR,0,0,25
185,1.85,EUR,0,0,25
186,1.90,EUR,0,0,25
187,1.70,EUR,0,0,25
188,1.75,EUR,0,0,25
189,1.10,EUR,0,0,25
190,0.70,EUR,0,0,25
191,1.60,EUR,0,0,25
192,1.55,EUR,0,0,25
193,0.90,EUR,0,0,25
194,0.65,EUR,0,0,25
195,1.15,EUR,0,0,25
196,1.25,EUR,0,0,25
197,1.35,EUR,0,0,25
198,0.95,EUR,0,0,25
199,1.80,EUR,0,0,25
200,1.65,EUR,0,0,25
201,2.30,EUR,0,0,25
202,2.00,EUR,0,0,25
203,2.20,EUR,0,0,25
204,2.15,EUR,0,0,25
205,1.30,EUR,0,0,25
206,1.95,EUR,0,0,25
207,0.95,EUR,0,0,100046
208,1.10,EUR,0,0,100046
209,1.90,EUR,0,0,100046
210,2.80,EUR,0,0,100046
211,1.50,EUR,0,0,100046
212,2.45,EUR,0,0,100046
213,1.85,EUR,0,0,100046
214,1.65,EUR,0,0,100046
215,1.95,EUR,0,0,100046
216,2.35,EUR,0,0,100046
217,1.80,EUR,0,0,100046
218,1.70,EUR,0,0,100046
219,2.65,EUR,0,0,100046
220,2.25,EUR,0,0,100046
221,2.05,EUR,0,0,100046
222,2.00,EUR,0,0,100046
223,2.15,EUR,0,0,100046
224,2.20,EUR,0,0,100046
225,2.70,EUR,0,0,100046
226,2.50,EUR,0,0,100046
227,2.10,EUR,0,0,100046
228,2.60,EUR,0,0,100046
229,1.75,EUR,0,0,100046
230,2.85,EUR,0,0,100046
231,2.95,EUR,0,0,100046
232,2.75,EUR,0,0,100046
233,2.90,EUR,0,0,100046
234,2.55,EUR,0,0,100046
235,2.40,EUR,0,0,100046
236,0.60,EUR,0,0,586
237,0.65,EUR,0,0,586
238,0.80,EUR,0,0,586
239,1.65,EUR,0,0,586
240,0.90,EUR,0,0,586
241,1.35,EUR,0,0,586
242,1.45,EUR,0,0,586
243,1.30,EUR,0,0,586
244,1.00,EUR,0,0,586
245,1.25,EUR,0,0,586
246,0.85,EUR,0,0,586
247,1.80,EUR,0,0,586
248,0.75,EUR,0,0,586
249,2.10,EUR,0,0,586
250,1.55,EUR,0,0,586
251,1.15,EUR,0,0,586
252,1.85,EUR,0,0,586
253,1.90,EUR,0,0,586
254,1.75,EUR,0,0,586
255,1.05,EUR,0,0,586
256,1.10,EUR,0,0,586
257,1.60,EUR,0,0,586
258,1.70,EUR,0,0,586
259,2.70,EUR,0,0,60
260,2.60,EUR,0,0,60
261,2.95,EUR,0,0,60
262,2.80,EUR,0,0,60
263,3.00,EUR,0,0,60
264,2.90,EUR,0,0,60
265,2.75,EUR,0,0,60
266,2.85,EUR,0,0,60
267,1.45,EUR,0,0,100047
268,1.85,EUR,0,0,100047
269,1.80,EUR,0,0,100047
270,2.50,EUR,0,0,100047
271,2.30,EUR,0,0,100047
272,2.10,EUR,0,0,100047
273,2.35,EUR,0,0,100047
274,2.60,EUR,0,0,100047
275,2.15,EUR,0,0,100047
276,1.55,EUR,0,0,100047
277,2.05,EUR,0,0,100047
278,2.40,EUR,0,0,100047
279,2.25,EUR,0,0,100047
280,2.70,EUR,0,0,100047
281,2.45,EUR,0,0,100047
282,2.75,EUR,0,0,100047
283,2.55,EUR,0,0,100047
284,2.80,EUR,0,0,100047
285,2.65,EUR,0,0,100047
286,0.55,EUR,0,0,60
287,3.35,EUR,0,0,60
288,4.40,EUR,0,0,60
289,3.05,EUR,0,0,60
290,4.15,EUR,0,0,60
291,3.30,EUR,0,0,60
292,4.10,EUR,0,0,60
293,3.25,EUR,0,0,60
294,3.10,EUR,0,0,60
295,3.60,EUR,0,0,60
296,3.15,EUR,0,0,60
297,3.50,EUR,0,0,60
298,3.20,EUR,0,0,60
299,3.55,EUR,0,0,60
300,3.45,EUR,0,0,60
301,3.95,EUR,0,0,60
302,3.80,EUR,0,0,60
303,3.90,EUR,0,0,60
304,3.40,EUR,0,0,60
305,3.75,EUR,0,0,60
306,3.85,EUR,0,0,60
307,3.65,EUR,0,0,60
308,4.00,EUR,0,0,60
309,3.70,EUR,0,0,60
310,4.05,EUR,0,0,60
311,4.35,EUR,0,0,60
312,4.20,EUR,0,0,60
313,3.00,EUR,0,0,100047
314,2.95,EUR,0,0,100047
315,2.90,EUR,0,0,100047
316,2.85,EUR,0,0,100047
317,1.55,EUR,0,0,71
318,1.95,EUR,0,0,71
319,1.85,EUR,0,0,71
320,2.05,EUR,0,0,71
321,1.75,EUR,0,0,71
322,1.65,EUR,0,0,71
323,1.60,EUR,0,0,99
324,0.65,EUR,0,0,317
325,0.75,EUR,0,0,317
326,0.55,EUR,0,0,317
327,0.45,EUR,0,0,317
328,0.35,EUR,0,0,317
329,1.15,EUR,0,0,317
330,0.95,EUR,0,0,317
331,0.85,EUR,0,0,317
332,0.40,EUR,0,0,317
333,1.35,EUR,0,0,317
334,1.05,EUR,0,0,317
335,2.30,EUR,0,0,99
336,99.90,EUR,0,0,60
337,2.25,EUR,0,0,71
338,2.70,EUR,0,0,71
339,2.60,EUR,0,0,71
340,2.50,EUR,0,0,71
341,2.80,EUR,0,0,71
342,2.90,EUR,0,0,71
343,3.00,EUR,0,0,71
344,3.40,EUR,0,0,71
345,3.10,EUR,0,0,71
346,3.50,EUR,0,0,71
347,3.20,EUR,0,0,71
348,3.30,EUR,0,0,71
349,3.60,EUR,0,0,71
350,3.00,EUR,0,0,99
351,2.15,EUR,0,0,219
352,2.45,EUR,0,0,219
353,2.65,EUR,0,0,219
354,1.90,EUR,0,0,219
355,2.35,EUR,0,0,219
356,1.45,EUR,0,0,317
357,1.95,EUR,0,0,317
358,1.25,EUR,0,0,317
359,1.55,EUR,0,0,317
360,1.85,EUR,0,0,317
361,1.65,EUR,0,0,317
362,5.75,EUR,0,0,71
363,4.15,EUR,0,0,71
364,3.85,EUR,0,0,71
365,5.10,EUR,0,0,71
366,6.05,EUR,0,0,71
367,5.45,EUR,0,0,71
368,4.45,EUR,0,0,71
369,7.05,EUR,0,0,71
370,8.30,EUR,0,0,71
371,8.00,EUR,0,0,71
372,9.25,EUR,0,0,71
373,4.80,EUR,0,0,71
374,8.65,EUR,0,0,71
375,8.95,EUR,0,0,71
376,6.40,EUR,0,0,71
377,2.55,EUR,0,0,71
378,7.35,EUR,0,0,71
379,6.70,EUR,0,0,71
380,9.60,EUR,0,0,71
381,9.90,EUR,0,0,71
382,7.65,EUR,0,0,71
383,3.35,EUR,0,0,317
384,3.95,EUR,0,0,317
385,2.50,EUR,0,0,317
386,2.45,EUR,0,0,317
387,2.90,EUR,0,0,317
388,1.75,EUR,0,0,317
389,3.60,EUR,0,0,317
390,3.50,EUR,0,0,317
391,3.05,EUR,0,0,317
392,2.40,EUR,0,0,317
393,4.85,EUR,0,0,317
394,2.35,EUR,0,0,317
395,2.55,EUR,0,0,317
396,5.35,EUR,0,0,317
397,4.90,EUR,0,0,317
398,4.70,EUR,0,0,317
399,3.90,EUR,0,0,317
400,5.30,EUR,0,0,317
401,2.95,EUR,0,0,317
402,2.25,EUR,0,0,317
403,3.80,EUR,0,0,317
404,3.85,EUR,0,0,317
405,2.80,EUR,0,0,317
406,3.30,EUR,0,0,317
407,5.70,EUR,0,0,317
408,3.00,EUR,0,0,317
409,4.10,EUR,0,0,317
410,2.65,EUR,0,0,317
411,4.30,EUR,0,0,317
412,3.40,EUR,0,0,317
413,2.85,EUR,0,0,317
414,3.45,EUR,0,0,317
415,2.60,EUR,0,0,317
416,5.15,EUR,0,0,317
417,2.70,EUR,0,0,317
418,5.05,EUR,0,0,317
419,3.75,EUR,0,0,317
420,3.20,EUR,0,0,317
421,4.05,EUR,0,0,317
422,4.50,EUR,0,0,317
423,2.75,EUR,0,0,317
424,3.15,EUR,0,0,317
425,4.20,EUR,0,0,317
426,5.10,EUR,0,0,317
427,3.10,EUR,0,0,317
428,4.65,EUR,0,0,317
429,2.05,EUR,0,0,317
430,2.15,EUR,0,0,317
431,4.80,EUR,0,0,317
432,5.55,EUR,0,0,317
433,4.25,EUR,0,0,317
434,4.40,EUR,0,0,317
435,3.25,EUR,0,0,317
436,3.70,EUR,0,0,317
437,4.75,EUR,0,0,317
438,5.25,EUR,0,0,317
439,4.00,EUR,0,0,317
440,4.95,EUR,0,0,317
441,5.40,EUR,0,0,317
442,4.45,EUR,0,0,317
443,4.35,EUR,0,0,317
444,3.55,EUR,0,0,317
445,4.15,EUR,0,0,317
446,3.65,EUR,0,0,317
447,5.00,EUR,0,0,317
448,4.55,EUR,0,0,317
449,4.60,EUR,0,0,317
450,0.00,EUR,0,0,317
451,5.45,EUR,0,0,317
452,2.80,EUR,0,0,25
453,3.25,EUR,0,0,25
454,2.50,EUR,0,0,25
455,2.95,EUR,0,0,25
456,2.35,EUR,0,0,25
457,2.65,EUR,0,0,25
458,2.10,EUR,0,0,25
459,3.15,EUR,0,0,25
460,2.45,EUR,0,0,25
461,3.40,EUR,0,0,25
462,2.60,EUR,0,0,25
463,2.90,EUR,0,0,25
464,2.70,EUR,0,0,25
465,2.75,EUR,0,0,25
466,3.10,EUR,0,0,25
467,2.40,EUR,0,0,25
468,2.55,EUR,0,0,25
469,3.50,EUR,0,0,25
470,2.25,EUR,0,0,25
471,3.30,EUR,0,0,25
472,3.05,EUR,0,0,25
473,3.00,EUR,0,0,25
474,3.20,EUR,0,0,25
475,2.85,EUR,0,0,25
476,1.90,EUR,0,0,82
477,2.50,EUR,0,0,82
478,2.40,EUR,0,0,82
479,1.20,EUR,0,0,82
480,2.00,EUR,0,0,82
481,4.00,EUR,0,0,82
482,3.20,EUR,0,0,82
483,3.10,EUR,0,0,82
484,4.30,EUR,0,0,82
485,4.90,EUR,0,0,82
486,1.70,EUR,0,0,82
487,5.50,EUR,0,0,82
488,1.30,EUR,0,0,82
489,3.00,EUR,0,0,82
490,0.90,EUR,0,0,82
491,3.70,EUR,0,0,82
492,4.10,EUR,0,0,82
493,3.60,EUR,0,0,82
494,0.90,EUR,0,0,117
495,1.60,EUR,0,0,117
496,1.60,EUR,0,0,295
497,3.00,EUR,0,0,295
498,0.90,EUR,0,0,295
499,2.30,EUR,0,0,295
500,4.25,EUR,0,0,60
501,4.30,EUR,0,0,60
502,4.50,EUR,0,0,60
503,3.70,EUR,0,0,100046
504,5.10,EUR,0,0,100046
505,4.40,EUR,0,0,100046
506,3.80,EUR,0,0,82
507,5.60,EUR,0,0,82
508,5.70,EUR,0,0,82
509,2.90,EUR,0,0,82
510,1.40,EUR,0,0,82
511,2.70,EUR,0,0,82
512,4.50,EUR,0,0,82
513,7.40,EUR,0,0,82
514,4.20,EUR,0,0,82
515,6.70,EUR,0,0,82
516,5.00,EUR,0,0,82
517,6.20,EUR,0,0,82
518,2.20,EUR,0,0,82
519,7.80,EUR,0,0,82
520,2.80,EUR,0,0,82
521,5.40,EUR,0,0,82
522,10.40,EUR,0,0,82
523,1.00,EUR,0,0,82
524,7.70,EUR,0,0,82
525,6.80,EUR,0,0,82
526,3.30,EUR,0,0,82
527,9.30,EUR,0,0,82
528,5.20,EUR,0,0,82
529,2.10,EUR,0,0,82
530,8.60,EUR,0,0,82
531,9.70,EUR,0,0,82
532,4.70,EUR,0,0,82
533,1.60,EUR,0,0,82
534,1.10,EUR,0,0,82
535,4.40,EUR,0,0,82
536,4.80,EUR,0,0,82
537,5.90,EUR,0,0,82
538,5.80,EUR,0,0,82
539,1.80,EUR,0,0,82
540,3.40,EUR,0,0,82
541,3.50,EUR,0,0,82
542,11.40,EUR,0,0,82
543,9.10,EUR,0,0,82
544,5.10,EUR,0,0,82
545,6.10,EUR,0,0,82
546,8.50,EUR,0,0,82
547,8.00,EUR,0,0,82
548,6.40,EUR,0,0,82
549,2.60,EUR,0,0,82
550,1.10,EUR,0,0,74
551,1.40,EUR,0,0,74
552,2.40,EUR,0,0,74
553,0.50,EUR,0,0,74
554,1.70,EUR,0,0,74
555,0.60,EUR,0,0,74
556,0.80,EUR,0,0,74
557,0.70,EUR,0,0,74
558,1.90,EUR,0,0,74
559,2.20,EUR,0,0,74
560,1.00,EUR,0,0,74
561,1.30,EUR,0,0,74
562,1.60,EUR,0,0,74
563,1.80,EUR,0,0,74
564,1.20,EUR,0,0,74
565,1.50,EUR,0,0,74
566,2.00,EUR,0,0,74
567,2.30,EUR,0,0,74
568,2.10,EUR,0,0,74
569,0.90,EUR,0,0,74
570,0.30,EUR,0,0,317
571,2.15,EUR,0,0,71
572,2.75,EUR,0,0,71
573,2.35,EUR,0,0,71
574,2.45,EUR,0,0,71
575,2.65,EUR,0,0,71
576,2.95,EUR,0,0,71
577,2.85,EUR,0,0,71
578,1.70,EUR,0,0,219
579,4.65,EUR,0,0,60
580,4.60,EUR,0,0,60
581,5.05,EUR,0,0,60
582,5.15,EUR,0,0,60
583,4.45,EUR,0,0,60
584,5.25,EUR,0,0,60
585,4.55,EUR,0,0,60
586,5.65,EUR,0,0,60
587,4.75,EUR,0,0,60
588,5.00,EUR,0,0,60
589,4.85,EUR,0,0,60
590,5.45,EUR,0,0,60
591,4.90,EUR,0,0,60
592,5.60,EUR,0,0,60
593,5.20,EUR,0,0,60
594,5.10,EUR,0,0,60
595,4.70,EUR,0,0,60
596,5.50,EUR,0,0,60
597,5.35,EUR,0,0,60
598,5.85,EUR,0,0,60
599,5.90,EUR,0,0,60
600,4.80,EUR,0,0,60
601,5.75,EUR,0,0,60
602,5.30,EUR,0,0,60
603,4.95,EUR,0,0,60
604,5.55,EUR,0,0,60
605,5.40,EUR,0,0,60
606,5.70,EUR,0,0,60
607,5.80,EUR,0,0,60
608,5.95,EUR,0,0,60
609,6.25,EUR,0,0,60
610,9.00,EUR,0,0,60
611,6.35,EUR,0,0,60
612,8.60,EUR,0,0,60
613,6.60,EUR,0,0,60
614,8.30,EUR,0,0,60
615,6.55,EUR,0,0,60
616,6.00,EUR,0,0,60
617,6.90,EUR,0,0,60
618,6.85,EUR,0,0,60
619,7.75,EUR,0,0,60
620,7.65,EUR,0,0,60
621,8.65,EUR,0,0,60
622,6.50,EUR,0,0,60
623,8.15,EUR,0,0,60
624,6.05,EUR,0,0,60
625,7.40,EUR,0,0,60
626,6.15,EUR,0,0,60
627,7.95,EUR,0,0,60
628,6.95,EUR,0,0,60
629,8.40,EUR,0,0,60
630,7.80,EUR,0,0,60
631,8.95,EUR,0,0,60
632,7.20,EUR,0,0,60
633,7.35,EUR,0,0,60
634,6.45,EUR,0,0,60
635,6.10,EUR,0,0,60
636,7.70,EUR,0,0,60
637,8.20,EUR,0,0,60
638,6.40,EUR,0,0,60
639,7.45,EUR,0,0,60
640,6.70,EUR,0,0,60
641,7.90,EUR,0,0,60
642,7.60,EUR,0,0,60
643,8.55,EUR,0,0,60
644,8.25,EUR,0,0,60
645,6.20,EUR,0,0,60
646,6.65,EUR,0,0,60
647,8.10,EUR,0,0,60
648,7.00,EUR,0,0,60
649,7.05,EUR,0,0,60
650,8.05,EUR,0,0,60
651,6.80,EUR,0,0,60
652,6.75,EUR,0,0,60
653,7.25,EUR,0,0,60
654,7.55,EUR,0,0,60
655,8.70,EUR,0,0,60
656,6.30,EUR,0,0,60
657,9.10,EUR,0,0,60
658,7.15,EUR,0,0,60
659,8.45,EUR,0,0,60
660,9.20,EUR,0,0,60
661,7.30,EUR,0,0,60
662,8.00,EUR,0,0,60
663,8.75,EUR,0,0,60
664,7.50,EUR,0,0,60
665,8.35,EUR,0,0,60
666,7.85,EUR,0,0,60
667,8.90,EUR,0,0,60
668,8.85,EUR,0,0,60
669,8.80,EUR,0,0,60
670,9.35,EUR,0,0,60
671,7.10,EUR,0,0,60
672,9.05,EUR,0,0,60
673,8.50,EUR,0,0,60
674,9.15,EUR,0,0,60
675,9.30,EUR,0,0,60
676,9.40,EUR,0,0,60
677,11.50,EUR,0,0,82
678,10.20,EUR,0,0,82
679,7.30,EUR,0,0,82
680,6.50,EUR,0,0,82
681,3.90,EUR,0,0,82
682,8.40,EUR,0,0,82
683,1.85,EUR,0,0,219
684,2.00,EUR,0,0,219
685,42.65,EUR,0,0,60
686,0.60,EUR,0,0,100047
687,0.50,EUR,0,0,100047
688,0.83,EUR,0,0,100047
689,0.96,EUR,0,0,100047
690,0.67,EUR,0,0,100047
691,0.30,EUR,0,0,25
692,1.00,EUR,0,0,289
693,3.10,EUR,0,0,289
694,1.80,EUR,0,0,289
695,1.10,EUR,0,0,289
696,2.80,EUR,0,0,289
697,1.90,EUR,0,0,289
698,4.30,EUR,0,0,289
699,2.20,EUR,0,0,289
700,3.40,EUR,0,0,289
701,2.10,EUR,0,0,289
702,1.40,EUR,0,0,289
703,1.60,EUR,0,0,289
704,2.30,EUR,0,0,289
705,1.70,EUR,0,0,289
706,2.60,EUR,0,0,289
707,1.30,EUR,0,0,289
708,2.50,EUR,0,0,289
709,3.70,EUR,0,0,289
710,1.50,EUR,0,0,289
711,4.00,EUR,0,0,289
712,3.80,EUR,0,0,289
713,3.50,EUR,0,0,289
714,3.20,EUR,0,0,289
715,2.00,EUR,0,0,289
716,1.20,EUR,0,0,289
717,2.90,EUR,0,0,289
718,4.10,EUR,0,0,289
719,8.70,EUR,0,0,71
720,7.20,EUR,0,0,71
721,7.60,EUR,0,0,71
722,5.50,EUR,0,0,71
723,6.00,EUR,0,0,71
724,8.40,EUR,0,0,71
725,9.20,EUR,0,0,71
726,5.80,EUR,0,0,71
727,5.70,EUR,0,0,71
728,5.60,EUR,0,0,71
729,4.90,EUR,0,0,71
730,9.40,EUR,0,0,71
731,4.20,EUR,0,0,71
732,8.80,EUR,0,0,71
733,7.10,EUR,0,0,71
734,9.00,EUR,0,0,71
735,8.20,EUR,0,0,71
736,6.20,EUR,0,0,71
737,5.40,EUR,0,0,71
738,5.00,EUR,0,0,71
739,4.30,EUR,0,0,71
740,6.50,EUR,0,0,71
741,7.90,EUR,0,0,71
742,6.30,EUR,0,0,71
743,4.60,EUR,0,0,71
744,6.60,EUR,0,0,71
745,7.50,EUR,0,0,71
746,3.90,EUR,0,0,71
747,8.60,EUR,0,0,71
748,3.70,EUR,0,0,71
749,3.80,EUR,0,0,71
750,4.10,EUR,0,0,71
751,5.20,EUR,0,0,71
752,5.90,EUR,0,0,71
753,4.50,EUR,0,0,71
754,4.00,EUR,0,0,71
755,7.80,EUR,0,0,71
756,9.80,EUR,0,0,71
757,7.30,EUR,0,0,71
758,6.80,EUR,0,0,71
759,7.00,EUR,0,0,71
760,7.40,EUR,0,0,71
761,4.40,EUR,0,0,71
762,8.50,EUR,0,0,71
763,9.50,EUR,0,0,71
764,5.30,EUR,0,0,71
765,6.10,EUR,0,0,71
766,8.10,EUR,0,0,71
767,9.70,EUR,0,0,71
768,8.90,EUR,0,0,71
769,9.30,EUR,0,0,71
770,6.90,EUR,0,0,71
771,9.10,EUR,0,0,71
772,7.70,EUR,0,0,71
773,4.70,EUR,0,0,71
774,5.00,EUR,0,0,289
775,4.40,EUR,0,0,289
776,0.00,EUR,0,0,289
777,2.70,EUR,0,0,289
778,4.90,EUR,0,0,289
779,2.40,EUR,0,0,289
780,3.00,EUR,0,0,289
781,3.30,EUR,0,0,289
782,4.80,EUR,0,0,289
783,3.60,EUR,0,0,289
784,3.90,EUR,0,0,289
785,4.20,EUR,0,0,289
786,10.50,EUR,0,0,82
787,4.60,EUR,0,0,289
788,4.70,EUR,0,0,289
789,0.00,EUR,0,0,60
790,3.15,EUR,0,0,71
791,0.52,EUR,0,0,25
792,3.00,EUR,0,0,219
793,2.90,EUR,0,0,219
794,2.75,EUR,0,0,219
795,2.95,EUR,0,0,219
796,2.30,EUR,0,0,82
797,1.50,EUR,0,0,82
798,2.20,EUR,0,0,219
799,1.77,EUR,0,0,60
800,8.30,EUR,0,0,82
801,7.10,EUR,0,0,82
802,7.00,EUR,0,0,82
803,8.90,EUR,0,0,82
804,6.60,EUR,0,0,82
805,5.30,EUR,0,0,82
806,4.60,EUR,0,0,82
807,2.00,EUR,0,0,117
808,2.66,EUR,0,0,60
809,1.34,EUR,0,0,60
810,0.10,EUR,0,0,71
811,1.07,EUR,0,0,60
812,0.80,EUR,0,0,208
813,1.00,EUR,0,0,208
814,2.00,EUR,0,0,208
815,2.20,EUR,0,0,208
816,1.70,EUR,0,0,208
817,1.60,EUR,0,0,208
818,1.10,EUR,0,0,208
819,2.10,EUR,0,0,208
820,1.30,EUR,0,0,208
821,0.90,EUR,0,0,208
822,1.80,EUR,0,0,208
823,2.30,EUR,0,0,208
824,1.90,EUR,0,0,208
825,1.50,EUR,0,0,208
826,2.50,EUR,0,0,208
827,1.40,EUR,0,0,208
828,1.20,EUR,0,0,208
829,2.40,EUR,0,0,208
830,3.35,EUR,0,0,25
831,3.45,EUR,0,0,25
832,3.60,EUR,0,0,25
833,3.55,EUR,0,0,25
834,3.80,EUR,0,0,25
835,3.85,EUR,0,0,25
836,3.65,EUR,0,0,25
837,3.75,EUR,0,0,25
838,0.00,EUR,0,0,25
839,8.35,EUR,0,0,47
840,0.00,EUR,0,0,47
841,5.85,EUR,0,0,47
842,17.00,EUR,0,0,47
843,0.10,EUR,0,0,60
844,0.15,EUR,0,0,60
845,0.40,EUR,0,0,60
846,0.20,EUR,0,0,60
847,0.50,EUR,0,0,60
848,0.30,EUR,0,0,60
849,0.25,EUR,0,0,60
850,0.44,EUR,0,0,25
